count=100
key_id,n,e
1,16501357,65537
2,13466939,65537
3,17691629,65537
4,23440139,65537
5,27962971,65537
6,18370661,65537
7,14542981,65537
8,24668093,65537
9,19393009,65537
10,31503421,65537
11,26102749,65537
12,32364253,65537
13,18186643,65537
14,36519823,65537
15,11833001,65537
16,15514249,65537
17,26715487,65537
18,22515947,65537
19,32406469,65537
20,37628291,65537
21,20643281,65537
22,12244627,65537
23,19207211,65537
24,27607733,65537
25,25429109,65537
26,22925531,65537
27,28754533,65537
28,23034547,65537
29,24937141,65537
30,22096843,65537
31,22524169,65537
32,35731769,65537
33,17477189,65537
34,35671147,65537
35,18836453,65537
36,15290579,65537
37,15242333,65537
38,18190693,65537
39,36529049,65537
40,15715331,65537
41,32051449,65537
42,39977947,65537
43,13731953,65537
44,36250351,65537
45,29291929,65537
46,15727693,65537
47,24747959,65537
48,11899631,65537
49,18490063,65537
50,18144419,65537
51,38454293,65537
52,25251521,65537
53,22622107,65537
54,20356261,65537
55,25788173,65537
56,43476151,65537
57,32880151,65537
58,37175443,65537
59,25821073,65537
60,26714287,65537
61,43425199,65537
62,13842671,65537
63,26714383,65537
64,28409327,65537
65,28698959,65537
66,22253981,65537
67,27089723,65537
68,36868891,65537
69,26180471,65537
70,34627741,65537
71,18969439,65537
72,35529343,65537
73,18715129,65537
74,11978597,65537
75,27987691,65537
76,25884983,65537
77,23024831,65537
78,19316537,65537
79,28846949,65537
80,27074039,65537
81,27533873,65537
82,12280043,65537
83,13942171,65537
84,25357601,65537
85,25031957,65537
86,13032631,65537
87,14275487,65537
88,21810857,65537
89,28079609,65537
90,30530947,65537
91,26921467,65537
92,27298823,65537
93,15486503,65537
94,24837133,65537
95,19801361,65537
96,39456737,65537
97,23193743,65537
98,17483041,65537
99,19567057,65537
100,23157833,65537
